SM:2025-11-04T13:39:08.3683800Z
LM:2025-11-15T09:00:18.4005514Z
CT:image/png
MA:604800
CL:92938
