SM:2025-11-04T13:39:08.3683800Z
LM:2025-11-04T13:39:09.1558411Z
CT:image/png
MA:604800
CL:92938
