SM:2025-11-06T08:00:54.6317725Z
LM:2025-11-15T08:20:32.6315276Z
CT:image/png
MA:604800
CL:109984
