SM:2025-11-15T09:37:45.3988099Z
LM:2025-11-15T09:37:47.8886629Z
CT:image/png
MA:604800
CL:111910
