SM:2025-11-15T09:00:36.2345577Z
LM:2025-11-15T09:00:39.3071272Z
CT:image/png
MA:604800
CL:109563
